0
5
6
7
8
9
10
11
12
13
14
16
17
19
20
21
22
23
24
25
26
27
28
29
30
31
32
33
34
35
36
42
43
45
48
50
52
55
57
58
60
61
62
63
64
65
66
67
68
69
70
71
72
73
74
76
77
78
82
83
84
85
97
98
99
100
101
102
103
104
105
106
107
108
109
110
111
112
113
114
115
116
117
118
119
120
121
124
125
126
127
128
129
130
131
132
134
135
136
137
138
139
140
141
142
143
144
145
146
147
148
149
150
151
152
155
156
157
158
159
160
161
162
164
165
169
171
172
173
174
175
180
183
184
197
199
200
202
203
204
205
206
207
208
209
210
211
212
213
214
215
216
217
218
219
220
221
222
223
226
229
231
232
234
235
236
237
239
244
247
248
249
250
251
253
254
255
256
257
262
263
264
265
266
267
268
269
271
275
276
280
292
293
294
297
298
301
302
303
304
305
306
307
308
312
313
314
315
316
317
318
319
320
321
332
333
334
335
336
337
338
339
340
345
346
347
348
349
350
351
352
353
354
355
361
362
363
364
365
366
367
368
369
370
371
372
373
374
375
376
378
379
380
382
383
385
387
388
389
390
391
392
393
394
395
396
397
398
399
406
407
408
409
410
411
412
413
414
415
416
417
418
419
420
421
422
423
424
426
427
428
429
430
432
433
434
435
438
439
440
441
442
443
445
446
447
448
449
450
451
452
458
459
460
461
462
463
464
465
466
467
468
469
470
471
472
473
474
475
476
477
478
479
483
484
485
486
487
491
493
494
498
500
501
503
504
505
506
508
509
510
512
513
514
515
516
517
519
521
522
525
526
527
528
529
530
531
532
533
534
535
540
541
542
543
544
547
548
550
551
552
553
555
556
561
562
563
564
565
566
567
568
569
570
571
572
573
574
575
576
577
578
579
580
581
582
583
584
585
586
587
588
589
590
591
592
593
594
595
596
597
598
599
601
602
606
607
613
614
615
616
617
618
619
624
626
627
628
629
630
631
632
633
634
635
636
637
639
640
641
642
643
644
645
646
647
648
649
650
651
652
653
656
657
658
659
660
662
663
664
668
669
670
671
672
673
674
675
676
677
678
679
680
681
682
683
685
696
697
698
699
702
703
704
705
706
707
709
710