NAME
Fuchsia City
NPCS
fuchsia-city-sign1 blank 15 0
INTERACTIONS
MENU:ALERT:CYCLING ROAD {NEWLINE} Slope ends here!
END
TELEPORT
4 19 route18 56 11
4 20 route18 56 12
53 19 route15-checkpoint 1 4
53 20 route15-checkpoint 1 5
WATER_ENCOUNTERS_OLD
129
WATER_ENCOUNTERS_GOOD
60 118
WATER_ENCOUNTERS_SUPER
99 119 130
LEVELS
34-40
DATA
56  56  56  56  56  76  76  76  76  76  76  76  76  76  76  76  76  76  76  76  76  76  76  76  76  76  76  76  76  76  76  76  76  76  76  76  76  76  76  76  76  76  76  76  76  76  76  76  76
56  56  56  56  56  76  76  76  76  76  76  76  76  76  76  76  76  76  76  76  76  76  76  76  76  76  76  76  76  76  76  76  76  76  76  76  76  76  76  76  76  76  76  76  76  76  76  76  76
56  56  56  56  56  76  76  76  76  76  76  76  76  76  76  76  76  76  76  76  76  76  76  76  76  76  76  76  76  76  76  76  76  76  76  76  76  76  76  76  76  76  76  76  76  76  76  76  76
56  56  56  56  56  76  76  76  76  76  76  76  76  76  76  76  76  76  76  76  76 102  71  71  71  71 103  76  76  76  76  76  76  76  76  76  76  76  76  76  76  76  76  76  76  76  76  76  76
56  56  56  56  56  76  76  76  76  76  76  76  76  76  76  76  76  76  76  76  76 104  68  68  68  68 105  76  76  76  76  76  76  76  76  76  76  76  76  76  76  76  76  76  76  76  76  76  76
56  56  56  56  56  76  76 481 481   1   1   1   1   1   1   1   1   1   1 481 481 108  65  63  64  65 109 481 481   1   1   1   1   1   1   1   1   1   1   1   1 481 481  76  76  76  76  76  76
56  56  56  56  56  76  76 481 481  76  76  76  76  76  76  76  76  76  76 481 481 110 164  15  58 164 112 481 481  76  76  76  76  76  76  76  76  76  76  76  76 481 481  76  76  76  76  76  76
56  56  56  56  56  76  76   1  76  92  88  88  91  76  76  93  93  93  93  76   1  56  56 163 163  56  56   1  76   2   3   2   3  76  76   2   3   2   3   2   3  76   1  76  76  76  76  76  76
56  56  56  56  56  76  76   1  76  90  81  81  89  76  76  94  94  94  94  76   1  55   5 163 163  55  55   1  76   3   2   3   2  76  76   3   2   3   2   3   2  76   1  76  76  76  76  76  76
56  56  56  56  56  76  76   1  76  56  56  56  56  76  76  56  56  56  56  76   1 481 481   1   1   1   1   1  76  56  56  56  56  76  76  56  56  56  56  56  56  76   1  76  76  76  76  76  76
56  56  56  56  56  76  76   1  76  55  55  55   5  76  76  55  55  55   5  76   1 481 481  76  76  76  76   1  76  55  55  55   5  76  76  55  55  55   5  55  55  76   1  76  76  76  76  76  76
56  56  56  56  56  76  76 481 481 481 481 481 481 481 481 481 481 481 481 481 481   1  76 481 481 481 481 481 481 481 481 481 481 481 481 481 481 481 481 481 481 481 481  76  76  76  76  76  76   1   1   1   1   1   1   1   1   1   1
56  56  56  56  56  76  76 481 481 481 481 481 481 481 481 481 481 481 481 481 481   1  76 481 481 481 481 481 481 481 481 481 481 481 481 481 481 481 481 481 481 481 481  76  76  76  76  76  76   1   1   1   1   1   1   1   1   1   1
56  56  56  56  56  76  76 481 481 102  71  71 103   1   1   1   1   1   1   1   1   1  76 481 481 102  71  71  71  71 103   1  76  76  76  76  76  76  76  76   1 481 481  76  76  76  76  76  76   1   1   1   1   1   1   1   1   1   1
56  56  56  56  56  76  76 481 481 104  68  68 105  76  76  76  76  76  76  76  76   1  76 481 481 104  68  68  68  68 105   1  76   1   1   1   1   1   1  76   1 481 481  76  76  76  76  76  76   1   1   1   1   1   1   1   1   1   1
56  56  56  56  56  76  76 481 481 108  65  65 109 481 481 481 481 481 481 481 481 481 481 481 481 108  65  63  64  65 109   1  76  56  56  56  56  56  56  76   1 481 481  76  76  76  76  76  76   1   1   1   1   1   1   1   1   1   1
56  56  56  56  56  76  76 481 481 110  15 111 112 481 481 481 481 481 481 481 481 481 481 481 481 110 164  15  58 164 112   1  76  55  55  55   5  55  55  76   1 481 481  76  76  76  76  76  76   1   1   1   1   1   1   1   1   1   1
56  56  56  56  56  76  76   1   1   1   1   1   1   1   1   1   1 480 480 481 481 481 481   1  76  56  56 163 163  56  56 481 481 481 481 481 481 481 481 481 481   1   1  76  76  76  76  76  76   1   1   1   1 102  71  71  71  71 103
55  55  55  55  55  76  76  76  76  76  76  76  76  76  76  76  76 480   5 481 481 481 481   1  76  55   5 163 163  55   5 481 481 481 481 481 481 481 481 481 481  76  76  76  76  76  76  76  76   0   0   0   0 104  68  68  68  68 105
3    2   3   2   3   2   3   2   3   0  88  88  88  88  88  88  88  76   1 481 481 481 481   1  76   2   3 163 163   2   3  76  76  76  76  76  76  76  76  76  76  56  56  56  56  56  56  56  56  56  56  56  56 453  65  65  65  65 455
2    3   2   3   2   3   2   3   2   0  81  81  81  81  81  81  81  76   1 481 481 481 481   1  76   3   2 163 163   3   2   1   1   1   1   1   1   1   1   1   1  56  56  56  56  56  56  56  56  56  56  56  56 454 164 164 164 164 456
0    0   0   0   0   0   1   2   3   0  81  81  81  81  81  81  81   0   1   1   1   1   1   1  76   2   3 163 163   2   3  56  56  56  56  56  56  56  56  56  56  56  56  76  76  76  76  76  76   0   0   0   0   1   1   1   1   1   1
1    1   1   1   0   0   1   3   2   0   0   0   0   0   0   0   0   0   0   0   0   0   0   1  76   3   2 163 163   3   2  55  55  55  55  55  55  55  55  56  56  56  56  76  76  76  76  76  76   1   1   1   1   1   1   1   1   1   1
93  93  93  93   0   0   1   2   3   2   3   2   3   2   3   2   3   2   3   2   3   2   3   2   3   2   3 163 163   2  55  93  93  92  88  88  88  88  91  55   3   1  76  76  76  76  76  76  76   1   1   1   1   1   1   1   1   1   1
94  94  94  94   0   0   1   3   2   3   2   3   2   3   2   3   2   3   2   3   2   3   2   3   2   3   2 163 163   3  55  94  94  90  81  81  81  81  89  55   2   1  76  76  76  76  76  76  76   1   1   1   1   1   1   1   1   1   1
93  93  93  93   0   0   1 165 106 106 106 106 106 106 106 106 106 106 106 106 106 106 106 106 106 106 106 106 107   2  55  93  93   1   1   1   1   1   1  55   3   1  76  76  76  76  76  76  76   1   1   1   1   1   1   1   1   1   1
94  94  94  94   0   0   1 158  96  96  96  96  96  96  96  96  96  96  96  96  96  96  96  96  96  96  96  96  97   3  55  94  94   1   1   1   1   1   1  55   2   1  76  76  76  76  76  76  76   1   1   1   1   1   1   1   1   1   1
1    1   1   1   0   0   1 158  96 102  71  71  71  71 103  96  96  96  96  96  96  96  96 102  71  71 103  96  97   2  55   2   3   2   3   2   3   2   3  55   3   1  76  76  76  76  76  76  76
1    1   1   1   0   0   1 162  99 104  68  68  68  68 105  99  99  99  99  99  99  99  99 104  68  68 105  99  98   3  55 575 576 576 577 575 661 576 577  55   2   1  76  76  76  76  76  76  76
1    1   1   1   0   0   1 234   1 108  65 100 101  65 109   8   9   9  13   8   9   9  13 108  65  65 109   1 235  56  56 578 579 580 581 578 579 580 581  56  56   1  76  76  76  76  76  76  76
1    1   1   1   0   0   1 234   1 110  15  58  58 164 112   7  15  11  12   7  15  11  12 110  15 111 112   1 235  56  56 586  15 587 588 586  15 587 588  56  56   1  76  76  76  76  76  76  76
1    1   1   1   0   0   1 234   1  56  56  56  56  56  56  56  56  56  56  56  56  56  56  56  56  56  56   1 235   2  55  56  56  56  56  56  56  56  56  55   3   1  76  76  76  76  76  76  76
1    1   1   1   0   0   1 234   1  56   5  56  56  56  56  56  56  56  56  56  56  56  56  56  56  56  56   1 235   3  55  55   5  55  55  56  56  55  55  55   2   1  76  76  76  76  76  76  76
1    1   1   1   0   0   1 234   1   1   1   1   1  56  56   1   1   1   1   1   1  56  56   1   1   1   1   1 235   2   3   2   3   2   3   2   3  56  56  56  56   1  76  76  76  76  76  76  76
1    1   1   1   0   0   1 236  77  77  77  77  77  79  78  76  76  76  76  76  76  79  78  77  77  77  77  77 237   3   2   3   2   3   2   3   2  56  56  56  56   1  76  76  76  76  76  76  76
1    1   1   1   0   0   1   1   1   1   1   1   1   1   1 165 106 106 106 106 107  93  93  93  93  93  93  93  93   0   1   1   1   1   1   1   1   1   1   1   1   1  76  76  76  76  76  76  76
1    1   1   1   0   0   0   0   0   0   0   0   0   0   0 158  96  96  96  96  97  94  94  94  94  94  94  94  94   0   0   0   0   0   0   0   0   0   0   0   0   1  76  76  76  76  76  76  76
56  56  56  56  56  56  56  56  56  56  56  56  56  56  56 158  96  96  96  96  97  56  56  56  56  56  56  56  56 165 106 106 106 106 107  76  76  76  76  76  76  76  76  76  76  76  76  76  76
56  56  56  56  56  56  56  56  56  56  56  56  56  56  56 158  96  96  96  96  97  56  56  56  56  56  56  56  56 158  96  96  96  96  97  76  76  76  76  76  76  76  76  76  76  76  76  76  76