NAME
Route 20
NPCS
route20-guy1 guy2 13 9 LEFT
FORCE_INTERACTION
-1 0
-2 0
-3 0
-4 0
END
INTERACTIONS
!:route20-guy1|MOVE_TO_PLAYER|MENU:ALERT:Have to warm up before my swim!|BATTLE:route20-guy1|{NO_ADVANCE}{DISABLE_FORCE}
MENU:ALERT:Thanks, kid! I'm ready for a swim!
END
TRAINERS
route20-guy1 5 0.35 0.35 SWIMMER swimmer.png {SWIMMER: All warmed up!}{} 73-73:48|90-90:48
END
TELEPORT
97 6 route19 1 40
97 7 route19 1 41
97 8 route19 1 42
97 9 route19 1 43
97 10 route19 1 44
97 11 route19 1 45
97 12 route19 1 46
97 13 route19 1 47
97 14 route19 1 48
97 15 route19 1 49
97 16 route19 1 50
97 17 route19 1 51
97 18 route19 1 52
97 19 route19 1 53
97 20 route19 1 54
WATER_ENCOUNTERS_OLD
129
WATER_ENCOUNTERS_GOOD
60 118
WATER_ENCOUNTERS_SUPER
73 90 119 120
LEVELS
40-46
DATA
81   81  81  81  81  81  81  81  81  81  81  81  81  81  81  81  81  81  81  81  81  81  81  81  81  81  81  81  81  81  81  81  81  81  81  81  81  81  81  81  81  81  81  81  81  81  81  81  81  81  81  81  81  81  81  81  81  81  81  81  81  81  81  81  81  81  81  81  81  81  81  81  81  81  81  81  81  81  81  81  81  81  81  81  81  81  81  81  81  81  81  81  81  81  81  81  81  81
81   81  81  81  81  81  81  81  81  81  81  81  81  81  81  81  81  81  81  81  81  81  81  81  81  81  81  81  81  81  81  81  81  81  81  81  81  81  81  81  81  81  81  81  81  81  81  81  81  81  81  81  81  81  81  81  81  81  81  81  81  81  81  81  81  81  81  81  81  81  81  81  81  81  81  81  81  81  81  81  81  81  81  81  81  81  81  81  81  81  81  81  81  81  81  81  81  81
81   81  81  81  81  81  81  81  81  81  81  81  81  81  81  81  81  81  81  81  81  81  81  81  81  81  81  81  81  81  81  81  81  81  81  81  81  81  81  81  81  81  81  81  81  81  81  81  81  81  81  81  81  81  81  81  81  81  81  81  81  81  81  81  81  81  81  81  81  81  81  81  81  81  81  81  81  81  81  81  81  81  81  81  81  81  81  81  81  81  81  81  81  81  81  81  81  81
81   81  81  81  81  81  81  81  81  81  81  81  81  81  81  81  81  81  81  81  81  81  81  81  81  81  81  81  81  81  81  81  81  81  81  81  81  81  81  81  81  81  81  81  81  81  81  81  81  81  81  81  81  81  81  81  81  81  81  81  81  81  81  81  81  81  81  81  81  81  81  81  81  81  81  81  81  81  81  81  81  81  81  81  81  81  81  81  81  81  81  81  81  81  81  81  81  81
81   81  81  81  81  81  81  81  81  81  81  81  81  81  81  81  81  81  81  81  81  81  81  81  81  81  81  81  81  81  81  81  81  81  81  81  81  81  81  81  81  81  81  81  81  81  81  81  81  81  81  81  81  81  81  81  81  81  81  81  81  81  81  81  81  81  81  81  81  81  81  81  81  81  81  81  81  81  81  81  81  81  81  81  81  81  81  81  81  81  81  81  81  81  81  81  81  81
656 656 656 656 656 656 656 656 656 656 656 656 656 656 656 656 656 656 656 656 656 656 656 656 656 656 656 656 656 656 656 656 656 656 656 656 656 656 656 656 656 656 656 656 656 656 656 656 656 656 656 656 656 656 656 656 656 656 656 656 656 656 656 656 656 656 656 656 656 656 656 656 656 656 656 656 656 656 656 656 656 656 656 656 656 656 656 656 656 656 656 656 656 656 656 656 656 656
81   81  81  81  81  81  81  81  81  81  81  81  81  81  81  81  81  81  81  81  81  81  81  81  81  81  81  81  81  81  81  81  81  81  81  81  81  81  81  81  81 656  81  89 165 106 106 106 106 107 481 481 481 481 481 481 481 481 481 481  90  81  81  81  81  81  81  81  81  81  81  81  81  81  81  81  81  81  81  81  81  81  81  81  81  81  81  81  81  81  81  81  81  81  81  81  81  81
81   81  81  81  81  81  81  81  81  81  81  81  81  81  81  81  81  81  81  81  81  81  81  81  81  81  81  81  81  81  81  81  81  81  81  81  81  81  81  81  81 656  81  89 158  96  96  96  96  97 481 481 481 481 481 481 481 481 481 481  90  81  81  81  81  81  81  81  81  81  81  81  81  81  81  81  81  81  81  81  81  81  81  81  81  81  81  81  81  81  81  81  81  81  81  81  81  81
81   81  81  81  81  81  81  81  81  81  81  81  81  81  81  81  81  81  81  81  81  81  81  81  81  81  81  81  81  81  81  81  81  81  81  81  81  81  81  81  81 656  81  89 158  96  96  96  96  97 481 481 481 481 481 481 481 481 481 481  90  81  81  81  81  81  81  81  81  81  81  81  81  81  81  81  81  81  81  81  81  81  81  81  81  81  81  81  81  81  81  81  81  81  81  81  81  81
81   81  81  81  81  81  81  81  81  81  81  81  81  81  81  81  81  81  81  81  81  81  81  81  81  81  81  81  81  81  81  81  81  81  81  81  81  81  81  81  81 656  81  89 162  99 167  99  99  98 481 481 481 481 481 481 481 481 481 481  90  81  81  81  81  81  81  81  81  81  81  81  81  81  81  81  81  81  81  81  81  81  81  81  81  81  81  81  81  81  81  81  81  81  81  81  81  81
81   81  81  81  81  81  81  81  81  81  81  81  81  81  81  81  81  81  81  81  81  81  81  81  81  81  81  81  81  81  81  81  81  81  81  81  81  81  81  81  81 656  81  89 481 481 238 238  56  56 481 481 481 481 165 106 106 106 106 107  90  81  81  81  81  81  81  81  81  81  81  81  81  81  81  81  81  81  81  81  81  81  81  81  81  81  81  81  81  81  81  81  81  81  81  81  81  81
81   81  81  81  81  81  81  81  81  81  81  81  81  81  81  81  81  81  81  81  81  81  81  81  81  81  81  81  81  81  81  81  81  81  81  81  81  81  81  81  81 656  81  89 481 481 238 238  56   5 481 481 481 481 158  96  96  96  96  97  90  81  81  81  81  81  81  81  81  81  81  81  81  81  81  81  81  81  81  81  81  81  81  81  81  81  81  81  81  81  81  81  81  81  81  81  81  81
81   81  81  81  81  81  81  81  81  81  81  81  81  81  81  81  81  81  81  81  81  81  81  81  81  81  81  81  81  81 238 238 238 238  81  81  81  81  81  81  81 656  81  89 481 481 238 238 481 481 481 481 481 481 158  96  96  96  96  97  90  81  81  81  81  81  81  81  81  81  81  81  81  81  81  81  81  81  81  81  81  81  81  81  81  81  81  81  81  81  81  81  81  81  81  81  81  81
81   81  81  81  81  81  81  81  81  81  81  81  81  81  81  81  81  81  81  81  81  81  81  81  81  81  81  81  81  81 238 238 238 238  81  81  81  81  81  81  81 656  81  89 481 481 238 238 481 481 481 481 481 481 162  99 167  99  99  98  90  81  81  81  81  81  81  81  81  81  81  81  81  81  81  81  81  81  81  81  81  81  81  81  81  81  81  81  81  81  81  81  81  81  81  81  81  81
81   81  81  81  81  81  81  81  81  81  81  81  81  81  81  81  81  81  81  81  81  81  81  81  81  81  81  81  81  81 261 261 261 261  81  81  81  81  81  81  81 656  81  87  88  88  81  81  88  88  88  88  88   0  56  56 238 238 481 481 656  81  81  81  81  81  81  81  81  81  81  81  81  81  81  81  81  81  81  81  81  81  81  81  81  81  81  81  81  81  81  81  81  81  81  81  81  81
81   81  81  81  81  81  81  81  81  81  81  81  81  81  81  81  81  81  81  81  81  81  81  81  81  81  81  81  81  81  81  81  81  81  81  81  81  81  81  81  81 656  81  81  81  81  81  81  81  81  81  81  81 656  56   5 238 238 481 481 656  81  81  81  81  81  81  81  81  81  81  81  81  81  81  81  81  81  81  81  81  81  81  81  81  81  81  81  81  81  81  81  81  81  81  81  81  81
81   81  81  81  81  81  81  81  81  81  81  81  81  81  81  81  81  81  81  81  81  81  81  81  81  81  81  81  81  81  81  81  81  81  81  81  81  81  81  81  81 656  81  81  81  81  81  81  81  81  81  81  81 656  88  88  81  81  88  88 656  81  81  81  81  81  81  81  81  81  81  81  81  81  81  81  81  81  81  81  81  81  81  81  81  81  81  81  81  81  81  81  81  81  81  81  81  81
81   81  81  81  81  81  81  81  81  81  81  81  81  81  81  81  81  81  81  81  81  81  81  81  81  81  81  81  81  81  81  81  81  81  81  81  81  81  81  81  81 656 656 656 656 656 656 656 656 656 656 656 656 656  81  81  81  81  81  81 656  81  81  81  81  81  81  81  81  81  81  81  81  81  81  81  81  81  81  81  81  81  81  81  81  81  81  81  81  81  81  81  81  81  81  81  81  81
81   81  81  81  81  81  81  81  81  81  81  81  81  81  81  81  81  81  81  81  81  81  81  81  81  81  81  81  81  81  81  81  81  81  81  81  81  81  81  81  81  81  81  81  81  81  81  81  81  81  81  81  81  81  81  81  81  81  81  81 656  81  81  81  81  81  81  81  81  81  81  81  81  81  81  81  81  81  81  81  81  81  81  81  81  81  81  81  81  81  81  81  81  81  81  81  81  81
81   81  81  81  81  81  81  81  81  81  81  81  81  81  81  81  81  81  81  81  81  81  81  81  81  81  81  81  81  81  81  81  81  81  81  81  81  81  81  81  81  81  81  81  81  81  81  81  81  81  81  81  81  81  81  81  81  81  81  81 656  81  81  81  81  81  81  81  81  81  81  81  81  81  81  81  81  81  81  81  81  81  81  81  81  81  81  81  81  81  81  81  81  81  81  81  81  81
81   81  81  81  81  81  81  81  81  81  81  81  81  81  81  81  81  81  81  81  81  81  81  81  81  81  81  81  81  81  81  81  81  81  81  81  81  81  81  81  81  81  81  81  81  81  81  81  81  81  81  81  81  81  81  81  81  81  81  81 656  81  81  81  81  81  81  81  81  81  81  81  81  81  81  81  81  81  81  81  81  81  81  81  81  81  81  81  81  81  81  81  81  81  81  81  81  81
656 656 656 656 656 656 656 656 656 656 656 656 656 656 656 656 656 656 656 656 656 656 656 656 656 656 656 656 656 656 656 656 656 656 656 656 656 656 656 656 656 656 656 656 656 656 656 656 656 656 656 656 656 656 656 656 656 656 656 656 656 656 656 656 656 656 656 656 656 656 656 656 656 656 656 656 656 656 656 656 656 656 656 656 656 656 656 656 656 656 656 656 656 656 656 656 656 656
81   81  81  81  81  81  81  81  81  81  81  81  81  81  81  81  81  81  81  81  81  81  81  81  81  81  81  81  81  81  81  81  81  81  81  81  81  81  81  81  81  81  81  81  81  81  81  81  81  81  81  81  81  81  81  81  81  81  81  81  81  81  81  81  81  81  81  81  81  81  81  81  81  81  81  81  81  81  81  81  81  81  81  81  81  81  81  81  81  81  81  81  81  81  81  81  81  81
81   81  81  81  81  81  81  81  81  81  81  81  81  81  81  81  81  81  81  81  81  81  81  81  81  81  81  81  81  81  81  81  81  81  81  81  81  81  81  81  81  81  81  81  81  81  81  81  81  81  81  81  81  81  81  81  81  81  81  81  81  81  81  81  81  81  81  81  81  81  81  81  81  81  81  81  81  81  81  81  81  81  81  81  81  81  81  81  81  81  81  81  81  81  81  81  81  81
81   81  81  81  81  81  81  81  81  81  81  81  81  81  81  81  81  81  81  81  81  81  81  81  81  81  81  81  81  81  81  81  81  81  81  81  81  81  81  81  81  81  81  81  81  81  81  81  81  81  81  81  81  81  81  81  81  81  81  81  81  81  81  81  81  81  81  81  81  81  81  81  81  81  81  81  81  81  81  81  81  81  81  81  81  81  81  81  81  81  81  81  81  81  81  81  81  81
81   81  81  81  81  81  81  81  81  81  81  81  81  81  81  81  81  81  81  81  81  81  81  81  81  81  81  81  81  81  81  81  81  81  81  81  81  81  81  81  81  81  81  81  81  81  81  81  81  81  81  81  81  81  81  81  81  81  81  81  81  81  81  81  81  81  81  81  81  81  81  81  81  81  81  81  81  81  81  81  81  81  81  81  81  81  81  81  81  81  81  81  81  81  81  81  81  81
81   81  81  81  81  81  81  81  81  81  81  81  81  81  81  81  81  81  81  81  81  81  81  81  81  81  81  81  81  81  81  81  81  81  81  81  81  81  81  81  81  81  81  81  81  81  81  81  81  81  81  81  81  81  81  81  81  81  81  81  81  81  81  81  81  81  81  81  81  81  81  81  81  81  81  81  81  81  81  81  81  81  81  81  81  81  81  81  81  81  81  81  81  81  81  81  81  81