NAME
Saffron Pok{e-accent}center
NPCS
saffron-center-joy joy 3 1
INTERACTIONS
MENU:ALERT:ERROR
END
TELEPORT
10 18 saffron-city 27 29
11 18 saffron-city 27 29
24 0 silph-co 24 25
24 24 silph-co 24 1
26 24 silph-co 26 48
26 47 silph-co 26 25
24 47 silph-co 24 71
24 70 silph-co 24 48
26 70 silph-co 26 94
26 93 silph-co 26 71
24 93 silph-co 20 117
20 116 silph-co 24 94
22 116 silph-co 22 140
22 139 silph-co 22 117
20 139 silph-co 20 163
20 162 silph-co 20 140
22 162 silph-co 22 186
22 185 silph-co 22 163
20 185 silph-co 10 209
10 208 silph-co 20 186
12 208 silph-co 11 232
11 231 silph-co 12 209
3 27 silph-co 26 50
27 50 silph-co 4 27
13 27 silph-co 4 177
3 177 silph-co 14 27
27 39 silph-co 11 166
11 167 silph-co 27 38
11 171 silph-co 2 173
3 173 silph-co 10 171
9 39 silph-co 23 118
23 119 silph-co 9 38
3 50 silph-co 10 98
11 98 silph-co 4 50
23 58 silph-co 26 62
27 62 silph-co 22 58
11 58 silph-co 4 142
5 142 silph-co 12 58
5 146 silph-co 2 233
3 233 silph-co 4 146
3 58 silph-co 8 188
9 188 silph-co 4 58
3 62 silph-co 2 108
3 108 silph-co 4 62
3 85 silph-co 12 223
13 223 silph-co 4 85
17 73 silph-co 3 120
3 119 silph-co 16 73
11 77 silph-co 10 219
9 219 silph-co 12 77
17 81 silph-co 12 215
13 215 silph-co 16 81
27 96 silph-co 20 154
21 154 silph-co 26 96
9 107 silph-co 16 200
17 200 silph-co 8 107
DATA
614 635 635 635 635 635 636 635 635 635 635 635 635 635 635 635 635 635 635 635 620 635 635 635 523 635 635 635 635 614
599 600 600 600 600 600 485 600 600 600 600 600 600 600 600 600 600 600 600 600 600 600 600 600 600 600 600 600 600 599
599 600 600 600 600 600 485 600 600 600 600 600 600 600 600 600 600 600 600 600 600 600 600 600 600 600 600 501 600 599
599 486 486 486 486 486 637 600 600 600 600 600 607 607 600 600 600 600 607 607 600 600 600 600 600 600 600 500 600 599
599 600 600 600 600 600 600 600 600 600 600 607  81  81 607 600 600 607  81  81 607 600 600 600 600 600 600 600 600 599
599 600 600 600 600 600 600 600 600 600 607 607  81  81 607 607 607 607  81  81 607 607 600 600 600 600 600 600 600 599
599 600 501 600 600 600 600 600 600 607  81  81  81  81  81  81  81  81  81  81  81  81 607 600 600 600 600 501 600 599
599 600 500 600 600 600 600 600 600 607  81  81  81  81  81  81  81  81  81  81  81  81 607 600 600 600 600 500 600 599
599 600 600 600 600 600 600 600 600 600 607 607  81  81 607 607 607 607  81  81 607 607 600 600 600 600 600 600 600 599
599 600 600 600 600 600 600 600 600 600 600 607  81  81 607 600 600 607  81  81 607 600 600 600 600 600 600 600 600 599
599 600 501 600 600 600 600 600 600 600 600 600 607 607 600 600 600 600 607 607 600 600 600 600 600 600 600 501 600 599
599 600 500 600 600 600 600 600 600 600 600 600 600 600 600 600 600 600 600 600 600 600 600 600 600 600 600 500 600 599
599 600 600 600 600 600 600 600 600 600 600 600 600 600 600 600 600 600 600 600 600 600 600 600 600 600 600 600 600 599
599 600 600 600 600 600 600 600 600 600 600 600 600 600 600 600 600 600 600 600 600 600 600 600 600 600 600 600 600 599
599 600 501 501 501 501 501 501 600 600 600 600 600 600 600 600 600 600 600 600 600 600 501 501 501 501 501 501 600 599
599 600 500 500 500 500 500 500 600 600 600 600 600 600 600 600 600 600 600 600 600 600 500 500 500 500 500 500 600 599
599 600 600 600 600 600 600 600 600 600 600 600 600 600 600 600 600 600 600 600 600 600 600 600 600 600 600 600 600 599
596 597 597 597 597 597 597 597 597 598 603 605 596 597 597 597 597 597 597 597 597 597 597 597 597 597 597 597 597 598
82   82  82  82  82  82  82  82  82  82 166 166
82
82
82
82
82
594 597 615 615 615 615 615 615 615 615 597 595 635 635 635 635 635 635 635 635 620 635 635 635 489 635 523 635 635 614
599 600 617 617 617 617 617 617 617 617 600 599 600 600 600 600 600 600 600 600 600 600 600 600 600 600 600 600 600 599
599 600 600 600 600 600 600 600 600 600 600 599 600 600 600 600 600 600 600 600 600 600 600 600 600 600 600 600 600 599
599 600 600 638 600 600 600 600 600 600 600 599 600 638 600 600 600 600 600 600 600 600 600 600 600 600 600 600 600 599
594 597 597 598 600 600 596 597 615 615 615 615 615 615 615 615 615 615 615 615 597 597 597 598 600 600 596 597 597 595
599 600 600 600 600 600 600 600 617 617 617 617 617 617 617 617 617 617 617 617 600 600 600 600 600 600 600 600 600 599
599 600 600 600 600 600 600 600 600 600 600 600 600 600 600 600 600 600 600 600 600 600 600 600 600 600 600 600 600 599
599 600 600 600 600 600 600 600 600 600 600 600 600 600 600 600 600 600 600 600 600 600 600 600 600 600 600 600 600 599
599 600 600 600 600 600 600 600 600 600 600 600 600 600  48 606 600 600  48 606 600 501 594 597 615 615 615 615 615 595
599 600 600 600 600 600 600 600 600 600 600 600 600 600 567 639 600 600 567 639 600 500 599 600 617 617 617 617 616 599
594 597 597 598 600 600 596 597 597 597 597 595 600 600 567 639 600 600 567 639 600 501 599 600 600 600 600 600 616 599
599 600 600 600 600 600 600 600 600 600 600 599 600 600 567 639 600 600 567 639 600 500 613 600 600 600 600 600 617 599
599 600  48 606 600 600 501 501 501 501 600 599 600 600 567 639 600 600 567 639 600 600 600 600 600 600 600 600 600 599
599 600 567 639 600 600 500 500 500 500 600 599 600 600 567 639 600 600 567 639 600 600 600 600 600 600 600 600 600 599
599 600 601 602 600 600 600 600 600 600 600 599 600 600 601 602 600 600 601 602 600 600 614 600  48 606 600 600 600 599
599 600 600 600 600 600 600 600 600 638 600 599 600 600 600 600 600 600 600 600 600 600 599 600 601 602 600 638 600 599
599 600 600 600 600 600 600 600 600 600 600 599 600 600 600 600 600 600 600 600 600 600 599 600 600 600 600 600 600 599
596 597 597 597 597 597 597 597 597 597 597 598 597 597 597 597 597 597 597 597 597 597 596 597 597 597 597 597 597 598
82
82
82
82
82
614 635 635 635 635 635 635 635 635 635 635 635 635 635 635 635 635 635 635 635 620 635 635 635 523 635 489 635 635 614
599 600 600 600 600 600 600 600 600 600 600 600 600 600 600 600 600 600 600 600 600 600 600 600 600 600 600 600 600 599
599 600 600 600 600 600 600 600 600 600 600 600 600 600 600 600 600 600 600 600 600 600 600 600 600 600 600 600 600 599
599 600 600 638 600 600 600 600 600 600 600 600 600 600 600 600 600 600 600 600 600 600 600 600 600 600 600 638 600 599
594 615 615 615 615 615 597 597 597 595 615 615 597 597 615 615 597 595 600 600 600 614 615 615 615 615 615 615 615 595
599 616 617 617 617 617 600 600 600 599 617 617 600 600 617 617 600 599 600 600 600 599 617 617 617 617 617 617 616 599
599 616 600 600 600 600 600 600 600 599 600 600 600 600 600 600 600 599 600 600 600 599 600 600 600 600 600 600 616 599
599 617 600 600  48 606 600 600 600 613 600 600 600 600 600 600 600 613 600 600 600 613 600 600 600 600 600 600 617 599
599 600 600 600 567 639 600 600 600 600 600 600  48 606 600 600 600 600 600 600 600 600 600 600 600 600  48 606 600 599
599 600 600 600 567 639 600 600 600 600 600 600 601 602 600 600 600 600 600 600 600 600 600 600 600 600 601 602 600 599
599 600 600 600 601 602 600 600 600 614 600 600 600 600 600 600 600 614 600 600 600 614 600 600  27 600  27 600 600 599
599 600 600 638 600 600 600 600 600 599 600 638 600 600 600 600 600 599 600 600 600 599 600 638  28 600  28 600 600 599
599 600 600 600 600 600 600 600 600 599 600 600 600 600 600 600 600 599 600 600 600 599 600 600 600 600 600 600 600 599
599 597 597 597 597 597 597 597 597 598 597 597 597 597 597 597 597 598 600 600 600 613 597 597 597 597 597 597 597 599
599 600 600 600 600 600 600 600 600 600 600 600 600 600 600 600 600 600 600 600 600 600 600 600 600 600 600 600 600 599
599 600 600 638 600 600 600 600 600 600 600 600 600 600 600 600 600 600 600 600 600 600 600 600 600 600 600 638 600 599
599 600 600 600 600 600 600 600 600 600 600 600 600 600 600 600 600 600 600 600 600 600 600 600 600 600 600 600 600 599
596 597 597 597 597 597 597 597 597 597 597 597 597 597 597 597 597 597 597 597 597 597 597 597 597 597 597 597 597 598
82
82
82
82
82
614 635 635 635 635 635 635 635 635 614 615 615 615 615 615 615 615 615 614 635 620 635 635 635 489 635 523 635 635 614
599 600 600 600 600 600 600 600 600 599 617 617 617 617 617 617 617 617 599 600 600 600 600 600 600 600 600 600 600 599
599 600 607 607 607 607 600 607 600 599 600 600 600 600 600 600 600 600 599 600 600 600 600 600 600 600 600 600 600 599
599 600 607 607 607 607 607 607 600 599 600 600 600 600 600 600 600 638 599 600 600 600 600 600 600 600 600 600 600 599
599 600 607 607 607 607 607 607 600 599 600 600  48 606  48 606 600 600 599 600 594 597 597 598 600 600 596 597 597 595
599 600 607 607 607 607 607 607 600 599 600 600 601 602 601 602 600 600 599 600 599 600 600 600 600 600 600 600 600 599
599 600 607 607 607 607 607 607 600 599 600 600 600 600 600 600 600 600 599 600 599 600 501 600 600 600 600 501 600 599
599 600 607 607 600 607 607 607 600 599 600 638 600 600 600 600 600 600 599 600 599 600 500 600  48 606 600 500 600 599
599 600 607 607 600 600 607 607 600 599 597 598 600 600 596 597 615 615 599 600 599 600 600 600 567 639 600 600 600 599
599 600 607 600 600 600 607 607 600 599 600 600 600 600 600 600 617 617 599 600 599 600 600 600 567 639 600 600 600 599
599 600 600 600 600 600 600 600 600 599 600 600 600 600 600 600 600 600 599 600 599 600 501 600 567 639 600 501 600 599
599 600 600 600 600 600 600 600 600 599 600 600 600 600 600 600 600 638 599 600 599 600 500 600 567 639 600 500 600 599
594 597 597 598 600 600 596 597 597 597 597 598 600 600 596 597 597 597 613 600 599 600 600 600 567 639 600 600 600 599
599 600 600 600 600 600 600 600 600 600 600 600 600 600 600 600 600 600 600 600 599 600 600 600 567 639 600 600 600 599
599 600 600 600 600 600 600 600 600 600 600 600 600 600 600 600 600 600 600 600 599 600 501 600 601 602 600 501 600 599
599 600 600 638 600 600 600 600 600 600 600 600 600 600 600 600 600 600 600 600 599 600 500 600 600 600 600 500 600 599
599 600 600 600 600 600 600 600 600 600 600 600 600 600 600 600 600 600 600 600 599 600 600 600 600 600 600 600 600 599
596 597 597 597 597 597 597 597 597 597 597 597 597 597 597 597 597 597 597 597 596 597 597 597 597 597 597 597 597 598
82
82
82
82
82
594 597 615 615 615 615 597 595 635 635 635 635 635 635 635 635 635 635 635 635 620 635 635 635 523 635 489 635 635 614
599 600 617 617 617 617 600 599 600 600 600 600 600 600 600 600 600 600 600 600 600 600 600 600 600 600 600 600 600 599
599 600 600 600 600 600 600 599 600 600 600 501 501 600 600 600 600 600 600 600 600 600 600 600 600 600 600 600 600 599
599 600 600 600 600 600 600 613 600 600 600 500 500 600 600 600 600 600 600 600 600 600 600 600 600 600 600 638 600 599
599 600 600 600 600 600 600 600 600 600 600 600 600 600 600 614 597 597 597 597 597 598 600 600 596 597 597 595 600 599
599 600 600 600 600 600 600 600 600 600 600 638 600 600 600 599 600 600 600 600 600 600 600 600 600 600 600 599 600 599
599 600 600 600 600 600 600 614 600 600 594 615 615 615 597 595 600 600 600 600  48 606  48 606  48 606 600 599 600 599
599 600 600 600 600 600 600 599 600 600 599 616 617 617 600 599 600 600 600 600 601 602 601 602 567 639 600 599 600 599
599 600 600 600 600 600 600 599 600 600 599 616 600 600 600 599 600 600 600 600 600 600 600 600 567 639 600 599 600 599
599 596 597 597 597 597 598 599 600 600 599 617 600 600 600 613 600 600 600 600 600 600 600 600 567 639 600 599 600 599
599 600 600 600 600 600 600 599 600 600 599 600 600 600 600 600 600 600 600 600 600 600 600 600 567 639 600 599 600 599
599 600 600 600 600 600 600 613 600 600 599 600 600 600 600 600 600 600 600 600 600 600 600 600 567 639 600 599 600 599
599 600 607 607 607 607 600 600 600 600 599 600 600 600 600 614 600 600 600 600  48 606  48 606  48 606 600 599 600 599
599 600 600 607 607 607 600 600 600 600 599 600 600 600 600 599 600 600 600 600 601 602 601 602 601 602 600 599 600 599
599 600 600 600 607 607 600 614 600 638 599 600 600 600 600 599 600 600 600 600 600 600 600 600 600 600 600 599 600 599
599 600 600 638 607 607 600 599 600 600 596 597 597 597 597 598 597 597 597 597 597 597 597 597 597 597 597 598 600 599
599 600 600 600 600 600 600 599 600 600 600 600 600 600 600 600 600 600 600 600 600 600 600 600 600 600 600 600 600 599
596 597 597 597 597 597 597 598 597 597 597 597 597 597 597 597 597 597 597 597 597 597 597 597 597 597 597 597 597 598
82
82
82
82
82
594 615 615 615 597 595 635 635 635 635 635 635 635 635 635 635 620 635 635 635 489 635 523 635 635 614
599 616 617 617 600 599 600 600 600 600 600 600 600 600 600 600 600 600 600 600 600 600 600 600 600 599
599 616 600 600 600 599 600 600 600 600 600 600 600 600 600 600 600 600 600 600 600 600 600 600 600 599
599 617 600 638 600 613 600 600 600 600 600 600 600 600 600 600 600 600 600 600 600 600 600 638 600 599
599 600 600 600 600 600 600 600 594 615 615 615 597 597 597 597 597 598 600 600 596 597 597 595 600 599
599 600 600 600 600 600 600 600 599 616 617 617 600 600 600 600 600 600 600 600 600 600 600 599 600 599
599 501 600 600 501 614 600 600 599 616 600 600 600 600 600 600 600 600 600 600 600 600 600 599 600 599
599 500 600 600 500 599 600 600 599 617 600 600  48 606  48 606  48 606  48 606  48 606 600 599 600 599
594 597 597 597 597 595 600 600 599 600 600 600 567 639 601 602 601 602 601 602 567 639 600 599 600 599
599 600 600 600 600 599 600 600 599 600 600 600 567 639 600 600 600 600 600 600 567 639 600 599 600 599
599 600 607 607 600 599 600 600 599 501 600 600 567 639 600 600 600 600 600 600 567 639 600 599 600 599
599 600 607 600 600 613 600 600 599 500 600 600 567 639  48 606  48 606  48 606 567 639 600 599 600 599
599 600 607 600 600 600 600 600 599 501 600 600 601 602 601 602 601 602 601 602 601 602 600 599 600 599
599 600 607 607 600 600 600 600 599 500 600 600 600 600 600 600 600 600 600 600 600 600 600 599 600 599
599 600 607 607 600 614 600 600 596 597 597 598 600 600 596 597 597 597 597 597 597 597 597 598 600 599
599 600 600 607 600 599 600 600 600 600 600 600 600 600 600 600 600 600 600 600 600 600 600 600 600 599
599 600 600 600 600 599 600 600 600 600 600 600 600 600 600 600 600 600 600 600 600 600 600 600 600 599
596 597 597 597 597 598 597 597 597 597 597 597 597 597 597 597 597 597 597 597 597 597 597 597 597 598
82
82
82
82
82
594 597 597 597 615 615 594 615 597 597 597 597 597 597 597 595 620 635 635 635 523 635 489 635 635 614
599 600 600 600 617 617 599 616 600 600 600 600 616 600 600 599 600 600 600 600 600 600 600 600 600 599
599 600 600 600 600 600 599 616 600 600 600 600 485 600 600 613 600 600 600 600 600 600 600 600 600 599
599 600 600 600 600 638 599 617 486 486 486 486 637 600 600 600 600 600 600 600 600 600 600 600 600 599
599 600 600 600  48 606 599 600 600 600 600 600 600 600 501 614 600 614 597 598 600 600 596 597 597 595
599 600 600 600 601 602 599 600 600 600 600 600 600 600 500 599 600 599 600 600 600 600 600 600 600 599
599 600 600 600 600 600 594 597 597 598 600 600 596 597 597 595 600 599 501 600 600 600 600 600 600 599
599 600 600 600 600 638 599 600 600 600 600 600 600 600 600 599 600 599 500 600 600 600  48 606 600 599
594 597 615 615 615 615 599 600 600 600 600 600 600 600 600 599 600 599 501 600 600 600 567 639 600 599
599 600 617 617 617 617 599 600  48 606 600 600  48 606 600 599 600 599 500 600 600 600 567 639 600 599
599 600 600 600 600 600 599 600 567 639 600 600 567 639 600 599 600 599 501 600 600 600 601 602 600 599
599 600 600 600 600 600 599 600 567 639 600 600 567 639 600 599 600 599 500 600 600 600 600 600 600 599
599 600 600 501 501 600 599 600 601 602 600 600 601 602 600 599 600 599 597 598 600 600 596 597 597 595
599 600 600 500 500 600 599 600 600 600 600 600 600 600 600 599 600 599 600 600 600 600 600 600 600 599
599 600 600 600 600 600 599 600 600 600 600 600 600 600 600 599 600 599 600 600 600 600 600 600 600 599
599 600 600 600 600 600 596 597 597 597 597 597 597 597 597 598 600 599 600 600 600 638 600 600 600 599
599 600 600 600 600 600 600 600 600 600 600 600 600 600 600 600 600 599 600 600 600 600 600 600 600 599
596 597 597 597 597 597 597 597 597 597 597 597 597 597 597 597 597 598 596 597 597 597 597 597 597 598
82
82
82
82
82
594 597 597 597 597 597 597 595 615 615 615 615 615 595 635 635 620 635 635 635 489 635 523 635 635 614
599 600 600 600 600 600 600 599 617 617 617 617 616 599 600 600 600 600 600 600 600 600 600 600 600 599
599 600 600 600 600 600 600 599 600 600 600 600 616 599 600 600 600 600 600 600 600 600 600 600 600 599
599 600  48 606  48 606 600 599 600 600 600 600 617 599 600 600 600 600 600 600 600 600 600 600 600 599
599 600 567 639 567 639 600 599 600 600 600 600 600 599 600 600 594 597 597 597 597 597 597 597 597 595
599 600 567 639 567 639 600 599 600 600 600 638 600 599 600 600 599 600 600 600 600 600 600 600 600 599
599 600 567 639 567 639 600 599 600 600 600 600 600 599 600 600 599 600  27 600  27 600 600 501 600 599
599 600 567 639 567 639 600 613 600 600 596 597 597 599 600 600 599 600  28 600  28 600 600 500 600 599
599 600 601 602 567 639 600 600 600 600 600 600 600 599 600 600 599 600 600 600 600 600 600 600 600 599
599 600 600 600 567 639 600 600 600 600 600 638 600 599 600 600 599 600 600 600 600 600 600 600 600 599
599 600 600 600 601 602 600 614 600 600  48 606 600 599 600 600 599 600  48 606 600 600 600 501 600 599
599 600 600 638 600 600 600 599 600 600 601 602 600 599 600 600 599 600 601 602 600 600 600 500 600 599
599 600 600 600 600 600 600 599 600 600 600 600 600 599 600 600 599 600 600 600 600 600 600 600 600 599
599 597 597 597 597 597 597 598 600 600 596 597 597 598 600 600 596 597 597 598 600 600 596 597 597 599
599 501 600 600 600 600 600 600 600 600 600 600 600 600 600 600 600 600 600 600 600 600 600 600 600 599
599 500 600 638 600 600 600 600 600 600 600 600 600 600 600 600 600 600 600 600 600 600 600 600 600 599
599 600 600 600 600 600 600 600 600 600 600 600 600 600 600 600 600 600 600 600 600 600 600 600 600 599
596 597 597 597 597 597 597 597 597 597 597 597 597 597 597 597 597 597 597 597 597 597 597 597 597 598
82
82
82
82
82
594 597 597 597 597 597 597 597 597 597 597 595 635 635 635 635 620 635 635 635 523 635 489 635 635 614
599 600 600 600 600 600 600 600 600 600 600 599 600 600 600 600 600 600 600 600 600 600 600 600 600 599
599 600 600 600 600 600 600 600 600 600 600 599 600 600 600 600 600 600 600 600 600 600 600 600 600 599
599 600 600 600 600 600 600 600 600 638 600 599 600 600 600 600 600 600 600 600 600 600 600 600 600 599
599 600 600 614 597 597 597 597 597 597 597 595 600 600 594 597 597 598 600 600 596 597 614 600 600 599
599 600 600 599 600 600 600 600 600 600 600 599 600 600 599 600 600 600 600 600 600 600 599 600 600 599
599 600 600 599 600 600  48 606  48 606 600 599 600 600 599 600 600 600 600 600 600 600 599 501 600 599
599 600 600 613 600 600 601 602 601 602 600 599 600 600 599 600 600 600  48 606 600 600 599 500 600 599
599 600 600 600 600 600 596 597 594 597 597 595 501 600 599 600 600 600 601 602 600 600 599 501 600 599
599 600 600 600 600 600 600 600 599 600 600 599 500 600 599 600 600 600 600 600 600 600 599 500 600 599
599 600 600 614 600 600 600 600 599 600 600 599 501 600 594 597 597 598 600 600 596 597 597 595 600 599
599 600 600 599 600 600 600 600 613 600 600 613 500 600 599 600 600 600 600 600 600 600 600 599 600 599
599 600 600 599  27 600  27 600 600 600 600 600 600 600 599 600  48 606  48 606 600 600 600 599 600 599
599 597 597 598  28 600  28 600 600 600 600 600 600 600 599 600 601 602 567 639 600 600 600 613 600 599
599 600  27 600  27 600  27 600 614 600 600 614 600 600 599 600 600 600 567 639 600 600 600 600 600 599
599 600  28 600  28 600  28 600 599 600 600 599 600 600 599 600 600 638 601 602 600 600 600 600 600 599
599 600 600 600 600 600 600 600 599 600 600 599 600 600 599 600 600 600 600 600 600 600 600 600 600 599
596 597 597 597 597 597 597 597 596 597 597 598 597 597 596 597 597 597 597 597 597 597 597 597 597 598
82
82
82
82
82
614 635 635 635 635 635 620 635 635 635 489 635 523 635 635 614
599 600 600 600 600 600 600 600 600 600 600 600 600 600 600 599
599 600 600 600 600 600 600 600 600 600 600 600 600 600 600 599
599 600 600 600 600 600 600 600 600 600 600 600 600 600 600 599
599 600 600 600 600 600 600 614 597 598 600 600 596 597 597 595
599 600 600 600 600 600 600 599 600 600 600 600 600 600 600 599
599 600 600 600 600 600 600 599 501 600 600 600 600 600 600 599
599 600 600 600 600 600 600 599 500 600 600 600 600 638 600 599
594 597 598 600 600 596 597 595 597 598 600 600 596 597 597 595
599 600 600 600 600 600 600 599 600 600 600 600 600 600 600 599
599 600 607 607 607 607 600 599 600 600 600 600  48 606 600 599
599 600 607 607 607 600 600 599 600 638 600 600 567 639 600 599
599 600 600 607 607 607 600 599 600 600  48 606 601 602 600 599
599 600 607 607 607 607 600 599 600 600 567 639 600 600 600 599
599 600 607 600 600 607 600 599 600 600 601 602 600 600 600 599
599 600 600 600 607 607 600 599 600 600 600 600 600 638 600 599
599 600 600 600 600 600 600 599 600 600 600 600 600 600 600 599
596 597 597 597 597 597 597 598 597 597 597 597 597 597 597 598
82
82
82
82
82
614 635 635 635 614 635 635 620 635 635 635 489 635 635 635 635 614
599  18  18  18 599  18  18  18  18  18  18  18  18  18  18  18 599
599  18  18 638 599  18  18  18  18  18  18  18  18  18  18  18 599
599  18  18  18 599 640 641 641 641 641 641 641 642 614  18  18 599
599  18  18  18 599 336 338 339 340 336 337 336 336 599  18  18 599
599  18  18  18 599  18 341 342 343  18  18  18  18 599  18  18 599
599  18  18  18 599  18 345 346 347 348  18  18  18 599  18  18 599
599  18  18  18 599  18 349 350 351 352  18  18  18 599  18  18 599
599  18  18  18 599  18 353 354 354 355  18  18  18 599  18  18 599
599  18  18  18 599  18 356 357 358 359  18  18  18 599  18  18 599
599  18  18  18 599  18  18  18  18  18  18  18  18 599  18  18 599
599  18  18  18 599  18  18  18  18  18 275 276  18 599  18  18 599
599  18  18  18 596 598  18  18 614  18 277 278  18 599  18  18 599
599  18  18  18  18  18  18  18 599  18  18  18  18 599  18  18 599
599  18  18  18  18  18  18  18 599  18  18  18  18 599  18  18 599
599  18  18  18  18  18  18  18 599  18  18  18  18 599  18  18 599
596 597 597 597 597 597 597 597 596 597 597 597 598 613 597 597 598