NAME
S.S. Anne Rooms
NPCS
pewter-house1-bald bald4 2 3 RIGHT
INTERACTIONS
MENU:ALERT:POK{e-accent}MON learn new techniques as they grow!|MENU:ALERT:But, some moves must be taught by the trainer!
END
TELEPORT
0 0 ss-anne-halls 6 8
0 11 ss-anne-halls 10 8
0 22 ss-anne-halls 14 8
0 33 ss-anne-halls 18 8
0 44 ss-anne-halls 22 8
0 55 ss-anne-halls 29 8
2 71 ss-anne-halls 6 27
3 71 ss-anne-halls 6 27
2 81 ss-anne-halls 10 27
3 81 ss-anne-halls 10 27
2 91 ss-anne-halls 14 27
3 91 ss-anne-halls 14 27
2 101 ss-anne-halls 18 27
3 101 ss-anne-halls 18 27
2 111 ss-anne-halls 22 27
3 111 ss-anne-halls 22 27
2 121 ss-anne-halls 8 68
3 121 ss-anne-halls 8 68
2 131 ss-anne-halls 12 68
3 131 ss-anne-halls 12 68
2 141 ss-anne-halls 16 68
3 141 ss-anne-halls 16 68
2 151 ss-anne-halls 20 68
3 151 ss-anne-halls 20 68
2 161 ss-anne-halls 24 68
3 161 ss-anne-halls 24 68
2 171 ss-anne-halls 28 68
3 171 ss-anne-halls 28 68
DATA
400 398 397 398
182 182 182 182
182 182 182 182
182 182 182 182
182 182 182 423
406 407 182 422
82
82
82
82
82
400 398 397 398
182 182 182 182
182 182 182 182
182 182 182 182
182 182 182 423
406 407 182 422
82
82
82
82
82
400 398 397 398
182 182 182 182
182 182 182 182
182 182 182 182
182 182 182 423
406 407 182 422
82
82
82
82
82
400 398 397 398
182 182 182 182
182 182 182 182
182 182 182 182
182 182 182 423
406 407 182 422
82
82
82
82
82
400 398 397 398
182 182 182 182
182 182 182 182
182 182 182 182
182 182 182 423
406 407 182 422
82
82
82
82
82
400 398 397 398
182 182 182 182
182 182 182 182
182 182 182 182
182 182 182 423
406 407 182 422
82
82
82
82
82
428 429 398 397
426 427 182 423
182 182 182 424
425 182 182 182
182 182 185 185
82   82 166 166
82
82
82
82
428 429 398 397
426 427 182 423
182 182 182 424
425 182 182 182
182 182 185 185
82   82 166 166
82
82
82
82
428 429 398 397
426 427 182 423
182 182 182 424
425 182 182 182
182 182 185 185
82   82 166 166
82
82
82
82
428 429 398 397
426 427 182 423
182 182 182 424
425 182 182 182
182 182 185 185
82   82 166 166
82
82
82
82
428 429 398 397
426 427 182 423
182 182 182 424
425 182 182 182
182 182 185 185
82   82 166 166
82
82
82
82
428 429 398 397
426 427 182 423
182 182 182 424
425 182 182 182
182 182 185 185
82   82 166 166
82
82
82
82
428 429 398 397
426 427 182 423
182 182 182 424
425 182 182 182
182 182 185 185
82   82 166 166
82
82
82
82
428 429 398 397
426 427 182 423
182 182 182 424
425 182 182 182
182 182 185 185
82   82 166 166
82
82
82
82
428 429 398 397
426 427 182 423
182 182 182 424
425 182 182 182
182 182 185 185
82   82 166 166
82
82
82
82
428 429 398 397
426 427 182 423
182 182 182 424
425 182 182 182
182 182 185 185
82   82 166 166
82
82
82
82
428 429 398 397
426 427 182 423
182 182 182 424
425 182 182 182
182 182 185 185
82   82 166 166