NAME
S.S. Anne Halls
NPCS
vermilion-house1-bookshelf3 blank 0 1
INTERACTIONS
MENU:ALERT:Crammed full of POK{e-accent}MON books!
END
TELEPORT
25 0 vermilion-harbor 14 2
26 0 vermilion-harbor 14 2
36 16 ss-anne-halls 25 28
26 28 ss-anne-halls 35 16
2 17 ss-anne-halls 6 37
6 36 ss-anne-halls 2 16
1 7 ss-anne-halls 2 60
1 60 ss-anne-halls 2 7
1 68 ss-anne-halls 18 80
19 80 ss-anne-halls 2 68
0 80 ss-anne-halls 15 99
16 98 ss-anne-halls 1 80
16 99 ss-anne-halls 1 80
35 60 ss-anne-halls 1 123
0 123 ss-anne-halls 36 60
DATA
82   82  82  82  82  82  82  82  82  82  82  82  82  82  82  82  82  82  82  82  82  82  82  82  82 166 166  82
82   82  82  82  82  82  82  82  82  82  82  82  82  82  82  82  82  82  82  82  82  82  82  82 389 401 402 388
82   82  82  82  82  82  82  82  82  82  82  82  82  82  82  82  82  82  82  82  82  82  82  82 389 401 402 388
82   82  82  82  82  82  82  82  82  82  82  82  82  82  82  82  82  82  82  82  82  82  82  82 389 401 402 388
82   82  82  82  82  82  82  82  82  82  82  82  82  82  82  82  82  82  82  82  82  82  82  82 389 401 402 388
82  387 387 387 387 387 387 387 387 387 387 387 387 387 387 387 387 387 387 387 387 387 387 387 391 401 402 390 387 387 387 387 387 387 387 387 387  82
389 397 398 397 398 397 398 397 398 397 398 397 398 397 398 397 398 397 398 397 398 397 398 398 399 401 402 396 398 397 398 397 398 397 398 397 398 388
389 404 402 402 402 402 402 402 402 402 402 402 402 402 402 402 402 402 402 402 402 402 402 402 402 402 402 402 402 402 402 402 402 402 402 402 402 388
389 401 402 402 402 402 402 402 402 402 402 402 402 402 402 402 402 402 402 402 402 402 402 402 402 402 402 402 402 402 402 402 402 402 402 402 402 388
389 401 402 392 435 393 403 392 435 393 403 392 435 393 403 392 435 393 403 392 435 393 403 392 435 435 435 435 393 403 392 435 435 435 393 402 402 388
389 401 402 388  82 395 435 394  82 395 435 394  82 395 435 394  82 395 435 394  82 395 435 394  82  82  82  82 395 435 394  82  82  82 389 401 402 388
389 401 402 388  82  82  82  82  82  82  82  82  82  82  82  82  82  82  82  82  82  82  82  82  82  82  82  82  82  82  82  82  82  82 389 401 402 388
389 401 402 388  82  82  82  82  82  82  82  82  82  82  82  82  82  82  82  82  82  82  82  82  82  82  82  82  82  82  82  82  82  82 389 401 402 388
389 401 402 388  82  82  82  82  82  82  82  82  82  82  82  82  82  82  82  82  82  82  82  82  82  82  82  82  82  82  82  82  82  82 389 401 402 388
389 401 402 388  82  82  82  82  82  82  82  82  82  82  82  82  82  82  82  82  82  82  82  82  82  82  82  82  82  82  82  82  82  82 389 401 402 388
389 401 402 388  82  82  82  82  82  82  82  82  82  82  82  82  82  82  82  82  82  82  82  82  82  82  82  82  82  82  82  82  82  82 389 402 402 388
389 401 402 388  82  82  82  82  82  82  82  82  82  82  82  82  82  82  82  82  82  82  82  82  82  82  82  82  82  82  82  82  82  82 389 402 405 388
395 393 403 388  82  82  82  82  82  82  82  82  82  82  82  82  82  82  82  82  82  82  82  82  82  82  82  82  82  82  82  82  82  82 395 435 435 394
82  395 435 394
82
82
82
82
82
82
82  387 387 387 387 387 387 387 387 387 387 387 387 387 387 387 387 387 387 387 387 387 387 387 387 387 387
389 397 398 397 398 397 400 397 398 397 400 397 398 397 400 397 398 397 400 397 398 397 400 397 398 397 398 388
389 402 402 402 402 402 402 402 402 402 402 402 402 402 402 402 402 402 402 402 402 402 402 402 402 402 402 388
389 402 402 402 402 402 402 402 402 402 402 402 402 402 402 402 402 402 402 402 402 402 402 402 402 402 404 388
82  435 435 435 435 435 435 435 435 435 435 435 435 435 435 435 435 435 435 435 435 435 435 435 435 435 435  82
82
82
82
82
82
82
397 398 397 398 397 398 400 398 397 398 397 398 397 398
182 182 182 182 182 182 182 182 182 182 182 182 182 182
182 182 182 182 182 182 182 182 182 182 182 182 182 182
182 182 182 182 182 182 182 182 182 182 182 182 182 182
182 182 182 182 182 182 182 182 182 182 182 182 182 182
182 182 406 407 182 182 406 407 182 182 406 407 182 251
182 182 418 419 182 182 418 419 182 182 418 419 182 182
182 182 416 417 182 182 416 417 182 182 416 417 182 251
182 182 418 419 182 182 418 419 182 182 418 419 182 182
182 182 416 417 182 182 416 417 182 182 416 417 182 251
182 182 420 421 182 182 420 421 182 182 420 421 182 182
182 182 182 182 182 182 182 182 182 182 182 182 182 182
182 182 182 182 182 182 182 182 182 182 182 182 182 182
182 182 182 182 182 182 182 182 182 182 182 182 182 182
410 411 414 415 410 411 414 415 410 411 414 415 410 411
408 409 412 413 408 409 412 413 408 409 412 413 408 409
82
82
82
82
82
82
82  387 387  82  82  82  82  82  82  82  82  82  82  82  82  82  82  82  82  82  82  82  82  82  82  82  82  82  82  82  82  82  82  82  82 387 387
389 397 398 388  82  82  82  82  82  82  82  82  82  82  82  82  82  82  82  82  82  82  82  82  82  82  82  82  82  82  82  82  82  82 389 397 398 388
389 405 402 388  82  82  82  82  82  82  82  82  82  82  82  82  82  82  82  82  82  82  82  82  82  82  82  82  82  82  82  82  82  82 389 404 402 388
389 401 402 388  82  82  82  82  82  82  82  82  82  82  82  82  82  82  82  82  82  82  82  82  82  82  82  82  82  82  82  82  82  82 389 401 402 388
389 401 402 388  82  82  82  82  82  82  82  82  82  82  82  82  82  82  82  82  82  82  82  82  82  82  82  82  82  82  82  82  82  82 389 401 402 388
389 401 402 388  82  82  82  82  82  82  82  82  82  82  82  82  82  82  82  82  82  82  82  82  82  82  82  82  82  82  82  82  82  82 389 401 402 388
389 401 402 388  82  82  82  82  82  82  82  82  82  82  82  82  82  82  82  82  82  82  82  82  82  82  82  82  82  82  82  82  82 387 391 401 402 388
389 401 402 388  82  82  82  82  82  82  82  82  82  82  82  82  82  82  82  82  82  82  82  82  82  82  82  82  82  82  82  82 389 398 399 401 402 388
389 401 402 390 387 387 387 387 387 387 387 387 387 387 387 387 387 387 387 387 387 387 387 387 387 387 387 387 387 387 387 387 391 401 402 402 402 388
389 401 402 396 398 397 398 397 400 397 398 397 400 397 398 397 400 397 398 397 400 397 398 397 400 397 398 397 400 397 398 398 399 401 402 402 402 388
389 404 402 402 402 402 402 402 402 402 402 402 402 402 402 402 402 402 402 402 402 402 402 402 402 402 402 402 402 402 402 402 402 402 402 402 402 388
389 401 402 402 402 402 402 402 402 402 402 402 402 402 402 402 402 402 402 402 402 402 402 402 402 402 402 402 402 402 402 402 402 402 402 402 402 388
82  435 435 435 435 435 435 435 435 435 435 435 435 435 435 435 435 435 435 435 435 435 435 435 435 435 435 435 435 435 435 435 435 435 435 435 435
82
82
82
82
82
82
82   82 387 387 387 387 387 387 387 387 387 387 387 387 387 387 387 387
387 391 397 398 397 398 397 398 397 398 397 398 397 398 397 398 397 398 390 387
398 399 401 402 402 402 402 402 402 402 402 402 402 402 402 402 402 402 396 398 388
402 402 402 402 402 402 402 402 402 402 402 402 402 402 402 402 402 402 402 405 388
435 435 435 435 435 435 435 435 435 435 435 435 435 435 435 435 435 435 435 435
82
82
82
82
82
82
81   81  81  81  81  81  81  81  81  81  81  81  81  81  81  81  81  81  81  81  81  81
81   81  81  81  81  81  81  81  81  81  81  81  81  81  81  81  81  81  81  81  81  81
81   81  81  81  81  81  81  81  81  81  81  81  81  81  81  81  81  81  81  81  81  81
81   81  81  81  81  81  81  81  81  81  81  81  81  81  81  81  81  81  81  81  81  81
81   81  81  81  81  81  81  81  81  81  81  81  81  81  81  81  81  81  81  81  81  81
81   81  81  81  81  81  81 430 430 430 430 430 430 430 430 430 430 430 430 430 430 430
81   81  81  81  81  81 430 430 437 431 431 431 431 431 431 388
81   81  81  81  81 430 430 437 436 402 402 402 402 402 402 388
81   81  81  81 430 430 437 436 402 432 402 402 402 402 402 390 387
81   81  81 430 430 437 436 402 402 432 402 402 402 402 402 396 398
81   81  81 430 437 436 402 402 402 402 402 402 402 402 402 431 431
81   81  81 430 401 402 402 402 402 402 402 402 402 402 402 402 402
81   81  81 430 430 401 402 402 402 432 402 402 402 402 402 392 435
81   81  81  82 430 430 401 402 402 432 402 402 402 402 402 388
81   81  81  81  82 430 430 401 402 402 402 402 402 402 402 388
81   81  81  81  81  82 430 430 401 402 402 402 402 402 402 388
81   81  81  81  81  81  82 430 430 430 430 430 430 430 430 430 430 430 430 430 430 430
81   81  81  81  81  81  81  82  82  82  82  82  82  82  82  82  82  82  82  82  82  82
81   81  81  81  81  81  81  81  81  81  81  81  81  81  81  81  81  81  81  81  81  81
81   81  81  81  81  81  81  81  81  81  81  81  81  81  81  81  81  81  81  81  81  81
81   81  81  81  81  81  81  81  81  81  81  81  81  81  81  81  81  81  81  81  81  81
81   81  81  81  81  81  81  81  81  81  81  81  81  81  81  81  81  81  81  81  81  81
82
82
82
82
82
82
397 445 397 398 397 447
182 444 182 182 251 446
441 442 443 182 182 182
438 439 440 182 182 425
182 182 182 182 182 182
182 182 182 182 182 425
182 182 182 182 182 182
405 182 182 182 182 182