PLAY_SOUND sound_effects/combat/growth.mp3 0.0
CREATE_SPRITE images/growth-orb.png 0.0 -.55 0.3 0.1 0.1
CREATE_SPRITE images/growth-orb.png 0.125 -.55 0.3 0.1 0.1
CREATE_SPRITE images/growth-orb.png 0.25 -.55 0.3 0.1 0.1
SPLINE_TRANSFORM 0 0.0 1.0 -.55 0.3 0.1 0.1 -.9 0.3 0.1 0.1 -.9 0.0 0.1 0.1 -.9 -0.4 0.1 0.1 -.55 -0.4 0.1 0.1 -.1 -0.4 0.1 0.1 -.1 0.0 0.1 0.1 -.1 0.3 0.1 0.1 -.55 0.3 0.1 0.1 -.9 0.3 0.1 0.1 -.9 0.0 0.1 0.1 -.9 -0.4 0.1 0.1 -.55 -0.4 0.1 0.1 -.1 -0.4 0.1 0.1 -.1 0.0 0.1 0.1 -.1 0.3 0.1 0.1 -.55 -.1 0.1 0.1
SPLINE_TRANSFORM 1 0.125 1.125 -.55 0.3 0.1 0.1 -.9 0.3 0.1 0.1 -.9 0.0 0.1 0.1 -.9 -0.4 0.1 0.1 -.55 -0.4 0.1 0.1 -.1 -0.4 0.1 0.1 -.1 0.0 0.1 0.1 -.1 0.3 0.1 0.1 -.55 0.3 0.1 0.1 -.9 0.3 0.1 0.1 -.9 0.0 0.1 0.1 -.9 -0.4 0.1 0.1 -.55 -0.4 0.1 0.1 -.1 -0.4 0.1 0.1 -.1 0.0 0.1 0.1 -.1 0.3 0.1 0.1 -.55 -.1 0.1 0.1
SPLINE_TRANSFORM 2 0.25 1.25 -.55 0.3 0.1 0.1 -.9 0.3 0.1 0.1 -.9 0.0 0.1 0.1 -.9 -0.4 0.1 0.1 -.55 -0.4 0.1 0.1 -.1 -0.4 0.1 0.1 -.1 0.0 0.1 0.1 -.1 0.3 0.1 0.1 -.55 0.3 0.1 0.1 -.9 0.3 0.1 0.1 -.9 0.0 0.1 0.1 -.9 -0.4 0.1 0.1 -.55 -0.4 0.1 0.1 -.1 -0.4 0.1 0.1 -.1 0.0 0.1 0.1 -.1 0.3 0.1 0.1 -.55 -.1 0.1 0.1
HIDE_SPRITE 0 1.0
HIDE_SPRITE 1 1.125
HIDE_SPRITE 2 1.25
SPLINE_TRANSFORM ATTACKER 0.0 1.25 -1.0 -0.424 0.9 0.9 -1.1 -0.424 1.1 1.1
