PLAY_SOUND sound_effects/combat/growth.mp3 0.0
CREATE_SPRITE images/growth-orb.png 0.0 0.55 0.9 0.1 0.1
CREATE_SPRITE images/growth-orb.png 0.125 0.55 0.9 0.1 0.1
CREATE_SPRITE images/growth-orb.png 0.25 0.55 0.9 0.1 0.1
SPLINE_TRANSFORM 0 0.0 1.0 0.55 0.9 0.1 0.1 0.9 0.9 0.1 0.1 0.9 0.6 0.1 0.1 0.9 0.2 0.1 0.1 0.55 0.2 0.1 0.1 0.2 0.2 0.1 0.1 0.2 0.6 0.1 0.1 0.2 0.9 0.1 0.1 0.55 0.9 0.1 0.1 0.9 0.9 0.1 0.1 0.9 0.6 0.1 0.1 0.9 0.2 0.1 0.1 0.55 0.2 0.1 0.1 0.2 0.2 0.1 0.1 0.2 0.6 0.1 0.1 0.2 0.9 0.1 0.1 0.55 0.5 0.1 0.1
SPLINE_TRANSFORM 1 0.125 1.125 0.55 0.9 0.1 0.1 0.9 0.9 0.1 0.1 0.9 0.6 0.1 0.1 0.9 0.2 0.1 0.1 0.55 0.2 0.1 0.1 0.2 0.2 0.1 0.1 0.2 0.6 0.1 0.1 0.2 0.9 0.1 0.1 0.55 0.9 0.1 0.1 0.9 0.9 0.1 0.1 0.9 0.6 0.1 0.1 0.9 0.2 0.1 0.1 0.55 0.2 0.1 0.1 0.2 0.2 0.1 0.1 0.2 0.6 0.1 0.1 0.2 0.9 0.1 0.1 0.55 0.5 0.1 0.1
SPLINE_TRANSFORM 2 0.25 1.25 0.55 0.9 0.1 0.1 0.9 0.9 0.1 0.1 0.9 0.6 0.1 0.1 0.9 0.2 0.1 0.1 0.55 0.2 0.1 0.1 0.2 0.2 0.1 0.1 0.2 0.6 0.1 0.1 0.2 0.9 0.1 0.1 0.55 0.9 0.1 0.1 0.9 0.9 0.1 0.1 0.9 0.6 0.1 0.1 0.9 0.2 0.1 0.1 0.55 0.2 0.1 0.1 0.2 0.2 0.1 0.1 0.2 0.6 0.1 0.1 0.2 0.9 0.1 0.1 0.55 0.5 0.1 0.1
HIDE_SPRITE 0 1.0
HIDE_SPRITE 1 1.125
HIDE_SPRITE 2 1.25
SPLINE_TRANSFORM ATTACKER 0.0 1.25 0.1 0.1 0.9 0.9 0.0 0.1 1.1 1.1