PLAY_SOUND sound_effects/combat/razorwind.mp3 0.0
CREATE_SPRITE images/transparent-50.png 0.0 -1.0 -1.0 2.0 2.0
CREATE_SPRITE images/razorwind-orb.png 0.0 -.55 0.3 0.1 0.1
CREATE_SPRITE images/razorwind-orb.png 0.125 -.55 0.3 0.1 0.1
CREATE_SPRITE images/razorwind-orb.png 0.25 -.55 0.3 0.1 0.1
SPLINE_TRANSFORM 1 0.0 2.0 -.55 0.3 0.1 0.1 -.9 0.3 0.1 0.1 -.9 0.0 0.1 0.1 -.9 -0.4 0.1 0.1 -.55 -0.4 0.1 0.1 -.1 -0.4 0.1 0.1 -.1 0.0 0.1 0.1 -.1 0.3 0.1 0.1 -.55 0.3 0.1 0.1 -.9 0.3 0.1 0.1 -.9 0.0 0.1 0.1 -.9 -0.4 0.1 0.1 -.55 -0.4 0.1 0.1 -.1 -0.4 0.1 0.1 -.1 0.0 0.1 0.1 -.1 0.3 0.1 0.1 -.55 -.1 0.1 0.1
SPLINE_TRANSFORM 2 0.125 2.125 -.55 0.3 0.1 0.1 -.9 0.3 0.1 0.1 -.9 0.0 0.1 0.1 -.9 -0.4 0.1 0.1 -.55 -0.4 0.1 0.1 -.1 -0.4 0.1 0.1 -.1 0.0 0.1 0.1 -.1 0.3 0.1 0.1 -.55 0.3 0.1 0.1 -.9 0.3 0.1 0.1 -.9 0.0 0.1 0.1 -.9 -0.4 0.1 0.1 -.55 -0.4 0.1 0.1 -.1 -0.4 0.1 0.1 -.1 0.0 0.1 0.1 -.1 0.3 0.1 0.1 -.55 -.1 0.1 0.1
SPLINE_TRANSFORM 3 0.25 2.25 -.55 0.3 0.1 0.1 -.9 0.3 0.1 0.1 -.9 0.0 0.1 0.1 -.9 -0.4 0.1 0.1 -.55 -0.4 0.1 0.1 -.1 -0.4 0.1 0.1 -.1 0.0 0.1 0.1 -.1 0.3 0.1 0.1 -.55 0.3 0.1 0.1 -.9 0.3 0.1 0.1 -.9 0.0 0.1 0.1 -.9 -0.4 0.1 0.1 -.55 -0.4 0.1 0.1 -.1 -0.4 0.1 0.1 -.1 0.0 0.1 0.1 -.1 0.3 0.1 0.1 -.55 -.1 0.1 0.1
HIDE_SPRITE 1 2.0
HIDE_SPRITE 2 2.125
HIDE_SPRITE 3 2.25