PLAY_SOUND sound_effects/combat/recover.mp3 0.0
CREATE_SPRITE images/transparent-50.png 0.0 -1.0 -1.0 2.0 2.0
CREATE_SPRITE images/recover-orb.png 0.0 -.55 0.3 0.1 0.1
CREATE_SPRITE images/recover-orb.png 0.125 -.55 0.3 0.1 0.1
CREATE_SPRITE images/recover-orb.png 0.25 -.55 0.3 0.1 0.1
SPLINE_TRANSFORM 1 0.0 0.5 -.55 0.3 0.1 0.1 -.9 0.3 0.1 0.1 -.9 0.0 0.1 0.1 -.9 -0.4 0.1 0.1 -.55 -0.4 0.1 0.1 -.1 -0.4 0.1 0.1 -.1 0.0 0.1 0.1 -.1 0.3 0.1 0.1 -.55 0.3 0.1 0.1 -.9 0.3 0.1 0.1 -.9 0.0 0.1 0.1 -.9 -0.4 0.1 0.1 -.55 -0.4 0.1 0.1 -.1 -0.4 0.1 0.1 -.1 0.0 0.1 0.1 -.1 0.3 0.1 0.1 -.55 -.1 0.1 0.1
SPLINE_TRANSFORM 2 0.125 0.625 -.55 0.3 0.1 0.1 -.9 0.3 0.1 0.1 -.9 0.0 0.1 0.1 -.9 -0.4 0.1 0.1 -.55 -0.4 0.1 0.1 -.1 -0.4 0.1 0.1 -.1 0.0 0.1 0.1 -.1 0.3 0.1 0.1 -.55 0.3 0.1 0.1 -.9 0.3 0.1 0.1 -.9 0.0 0.1 0.1 -.9 -0.4 0.1 0.1 -.55 -0.4 0.1 0.1 -.1 -0.4 0.1 0.1 -.1 0.0 0.1 0.1 -.1 0.3 0.1 0.1 -.55 -.1 0.1 0.1
SPLINE_TRANSFORM 3 0.25 0.75 -.55 0.3 0.1 0.1 -.9 0.3 0.1 0.1 -.9 0.0 0.1 0.1 -.9 -0.4 0.1 0.1 -.55 -0.4 0.1 0.1 -.1 -0.4 0.1 0.1 -.1 0.0 0.1 0.1 -.1 0.3 0.1 0.1 -.55 0.3 0.1 0.1 -.9 0.3 0.1 0.1 -.9 0.0 0.1 0.1 -.9 -0.4 0.1 0.1 -.55 -0.4 0.1 0.1 -.1 -0.4 0.1 0.1 -.1 0.0 0.1 0.1 -.1 0.3 0.1 0.1 -.55 -.1 0.1 0.1
HIDE_SPRITE 1 0.5
HIDE_SPRITE 2 0.625
HIDE_SPRITE 3 0.75