PLAY_SOUND sound_effects/combat/recover.mp3 0.0
CREATE_SPRITE images/transparent-50.png 0.0 -1.0 -1.0 2.0 2.0
CREATE_SPRITE images/recover-orb.png 0.0 0.55 0.9 0.1 0.1
CREATE_SPRITE images/recover-orb.png 0.125 0.55 0.9 0.1 0.1
CREATE_SPRITE images/recover-orb.png 0.25 0.55 0.9 0.1 0.1
SPLINE_TRANSFORM 1 0.0 0.5 0.55 0.9 0.1 0.1 0.9 0.9 0.1 0.1 0.9 0.6 0.1 0.1 0.9 0.2 0.1 0.1 0.55 0.2 0.1 0.1 0.2 0.2 0.1 0.1 0.2 0.6 0.1 0.1 0.2 0.9 0.1 0.1 0.55 0.9 0.1 0.1 0.9 0.9 0.1 0.1 0.9 0.6 0.1 0.1 0.9 0.2 0.1 0.1 0.55 0.2 0.1 0.1 0.2 0.2 0.1 0.1 0.2 0.6 0.1 0.1 0.2 0.9 0.1 0.1 0.55 0.5 0.1 0.1
SPLINE_TRANSFORM 2 0.125 0.625 0.55 0.9 0.1 0.1 0.9 0.9 0.1 0.1 0.9 0.6 0.1 0.1 0.9 0.2 0.1 0.1 0.55 0.2 0.1 0.1 0.2 0.2 0.1 0.1 0.2 0.6 0.1 0.1 0.2 0.9 0.1 0.1 0.55 0.9 0.1 0.1 0.9 0.9 0.1 0.1 0.9 0.6 0.1 0.1 0.9 0.2 0.1 0.1 0.55 0.2 0.1 0.1 0.2 0.2 0.1 0.1 0.2 0.6 0.1 0.1 0.2 0.9 0.1 0.1 0.55 0.5 0.1 0.1
SPLINE_TRANSFORM 3 0.25 0.75 0.55 0.9 0.1 0.1 0.9 0.9 0.1 0.1 0.9 0.6 0.1 0.1 0.9 0.2 0.1 0.1 0.55 0.2 0.1 0.1 0.2 0.2 0.1 0.1 0.2 0.6 0.1 0.1 0.2 0.9 0.1 0.1 0.55 0.9 0.1 0.1 0.9 0.9 0.1 0.1 0.9 0.6 0.1 0.1 0.9 0.2 0.1 0.1 0.55 0.2 0.1 0.1 0.2 0.2 0.1 0.1 0.2 0.6 0.1 0.1 0.2 0.9 0.1 0.1 0.55 0.5 0.1 0.1
HIDE_SPRITE 1 0.5
HIDE_SPRITE 2 0.625
HIDE_SPRITE 3 0.75