NUMBER:1
PRIMARY:(131,238,197,255) (131,238,197,255) (98,213,180,255) (57,148,148,255) (24,74,74,255)
SECONDARY:(189,255,115,255) (189,255,115,255) (164,213,65,255) (115,172,49,255) (82,98,41,255)
TERTIARY:(131,238,197,255) (131,238,197,255) (98,213,180,255) (57,148,148,255) (24,74,74,255)
NUMBER:2
PRIMARY:(98,180,205,255) (98,180,205,255) (49,123,164,255) (16,65,74,255) (16,65,74,255)
SECONDARY:(131,230,90,255) (131,230,90,255) (106,180,32,255) (74,139,32,255) (16,82,32,255)
TERTIARY:(255,123,123,255) (255,123,123,255) (213,65,90,255) (123,49,41,255) (123,49,41,255)
NUMBER:3
PRIMARY:(82,205,173,255) (82,205,172,255) (32,139,115,255) (16,82,65,255) (16,82,65,255)
SECONDARY:(148,239,148,255) (148,239,148,255) (106,189,74,255) (57,139,41,255) (26,82,15,255)
TERTIARY:(255,131,115,255) (255,131,115,255) (222,65,65,255) (131,49,0,255) (131,49,0,255)
NUMBER:4
PRIMARY:(255,148,65,255) (255,148,65,255) (222,82,57,255) (139,41,0,255) (139,41,0,255)
SECONDARY:(255,213,8,255) (246,164,0,255) (246,164,0,255) (230,57,0,255) (230,57,0,255)
TERTIARY:(255,148,65,255) (255,148,65,255) (222,82,57,255) (139,41,0,255) (139,41,0,255)
NUMBER:5
PRIMARY:(255,82,74,255) (255,82,74,255) (213,41,82,255) (148,32,16,255) (148,32,16,255)
SECONDARY:(255,222,41,255) (255,164,0,255) (255,164,0,255) (255,65,0,255) (255,65,0,255)
TERTIARY:(255,82,74,255) (255,82,74,255) (213,41,82,255) (148,32,16,255) (148,32,16,255)
NUMBER:6
PRIMARY:(238,180,90,255) (238,131,41,255) (205,82,65,255) (131,49,24,255) (131,49,24,255)
SECONDARY:(255,222,41,255) (255,164,0,255) (255,164,0,255) (255,65,0,255) (255,65,0,255)
TERTIARY:(32,156,197,255) (32,115,148,255) (32,115,148,255) (8,65,82,255) (8,65,82,255)
NUMBER:7
PRIMARY:(180,246,238,255) (148,213,205,255) (90,172,156,255) (65,115,98,255) (65,115,98,255)
SECONDARY:(213,148,82,255) (213,148,82,255) (189,106,0,255) (98,41,0,255) (98,41,0,255)
TERTIARY:(180,246,238,255) (148,213,205,255) (90,172,156,255) (65,115,98,255) (65,115,98,255)
NUMBER:8
PRIMARY:(197,189,255,255) (197,189,255,255) (148,139,238,255) (98,106,197,255) (65,65,123,255)
SECONDARY:(197,146,65,255) (205,131,32,255) (148,98,98,255) (90,57,8,255) (90,57,8,255)
TERTIARY:(197,189,255,255) (197,189,255,255) (148,139,238,255) (98,106,197,255) (65,65,123,255)
NUMBER:9
PRIMARY:(90,139,205,255) (90,139,205,255) (32,98,172,255) (8,57,98,255) (8,57,98,255)
SECONDARY:(217,164,122,255) (139,98,65,255) (139,98,65,255) (90,57,24,255) (90,57,24,255)
TERTIARY:(90,139,205,255) (90,139,205,255) (32,98,172,255) (8,57,98,255) (8,57,98,255)
NUMBER:10
PRIMARY:(106,213,49,255) (74,197,41,255) (49,172,65,255) (32,123,74,255) (24,90,65,255)
SECONDARY:(246,238,139,255) (246,238,239,255) (213,189,131,255) (123,131,74,255) (82,98,74,255)
TERTIARY:(255,180,57,255) (255,123,65,255) (255,65,65,255) (255,65,65,255) (123,57,74,255)
NUMBER:11
PRIMARY:(131,197,74,255) (106,164,74,255) (106,139,90,255) (74,106,82,255) (57,74,65,255)
SECONDARY:(131,197,74,255) (106,164,74,255) (106,139,90,255) (74,106,82,255) (57,74,65,255)
TERTIARY:(131,197,74,255) (106,164,74,255) (106,139,90,255) (74,106,82,255) (57,74,65,255)
NUMBER:12
PRIMARY:(238,238,255,255) (189,189,230,255) (115,98,172,255) (90,74,115,255) (49,49,82,255)
SECONDARY:(255,156,180,255) (230,98,131,255) (222,49,49,255) (98,49,57,255) (98,49,57,255)
TERTIARY:(238,238,255,255) (189,189,230,255) (115,98,172,255) (90,74,115,255) (49,49,82,255)
NUMBER:13
PRIMARY:(238,172,65,255) (238,172,65,255) (205,115,16,255) (148,90,8,255) (106,57,8,255)
SECONDARY:(255,222,205,255) (238,156,139,255) (222,90,82,255) (156,41,32,255) (156,41,32,255)
TERTIARY:(238,172,65,255) (238,172,65,255) (205,115,16,255) (148,90,8,255) (106,57,8,255)
NUMBER:14
PRIMARY:(246,213,74,255) (222,164,82,255) (180,123,0,255) (139,90,0,255) (90,57,0,255)
SECONDARY:(246,213,74,255) (222,164,82,255) (180,123,0,255) (139,90,0,255) (90,57,0,255)
TERTIARY:(246,213,74,255) (222,164,82,255) (180,123,0,255) (139,90,0,255) (90,57,0,255)
NUMBER:15
PRIMARY:(255,205,74,255) (255,205,74,255) (230,148,32,255) (180,98,16,255) (131,74,0,255)
SECONDARY:(255,255,255,255) (238,230,255,255) (222,205,246,255) (189,172,197,255) (139,123,148,255)
TERTIARY:(255,226,226,255) (255,148,106,255) (213,24,49,255) (213,24,49,255) (156,0,8,255)
NUMBER:16
PRIMARY:(205,131,90,255) (205,131,90,255) (164,98,90,255) (115,74,49,255) (65,41,24,255)
SECONDARY:(255,246,189,255) (255,238,156,255) (230,189,98,255) (230,189,98,255) (170,117,0,255)
TERTIARY:(205,131,90,255) (205,131,90,255) (164,98,90,255) (115,74,49,255) (65,41,24,255)
NUMBER:17
PRIMARY:(172,123,90,255) (172,123,90,255) (131,82,49,255) (65,41,32,255) (65,41,32,255)
SECONDARY:(255,230,139,255) (255,230,139,255) (230,189,90,255) (230,189,90,255) (205,156,123,255)
TERTIARY:(255,172,115,255) (238,98,65,255) (197,49,41,255) (123,49,32,255) (123,49,32,255)
NUMBER:18
PRIMARY:(211,162,129,255) (172,123,90,255) (115,82,74,255) (115,82,74,255) (90,57,41,255)
SECONDARY:(255,246,189,255) (255,230,139,255) (230,180,98,255) (230,180,98,255) (162,124,62,255)
TERTIARY:(255,172,115,255) (238,98,65,255) (213,49,24,255) (139,57,32,255) (139,57,32,255)
