NUMBER:1
FACE_USES:noface
USE_MASK:YES
FACEBOUNDS:(31,36)(48,46)
BOUNDS:(26,41)(43,51)
JAW:(24,48)(39,53)
SOCKET:(36,47,18)
PRIMARY:(132,239,198,255) (132,239,198,255) (99,214,181,255) (57,148,148,255) (24,74,74,255)
SECONDARY:(189,255,115,255) (189,255,115,255) (165,214,66,255) (115,173,49,255) (82,99,41,255)
TERTIARY:(132,239,198,255) (132,239,198,255) (99,214,181,255) (57,148,148,255) (24,74,74,255)
NUMBER:2
FACE_USES:noface
USE_MASK:YES
FACEBOUNDS:(31,35)(48,45)
BOUNDS:(19,35)(36,45)
JAW:(17,41)(32,48)
SOCKET:(30,38,24)
PRIMARY:(140,214,247,255) (140,214,247,255) (99,181,206,255) (49,123,165,255) (16,66,74,255)
SECONDARY:(132,231,90,255) (132,231,90,255) (107,181,33,255) (74,140,33,255) (16,82,33,255)
TERTIARY:(255,173,165,255) (255,173,165,255) (255,123,123,255) (214,66,90,255) (123,49,41,255)
NUMBER:3
FACE_USES:noface
USE_MASK:YES
FACEBOUNDS:(22,31)(54,48)
BOUNDS:(16,47)(48,64)
JAW:(12,54)(39,67)
SOCKET:(32,55,32)
PRIMARY:(132,239,222,255) (132,239,222,255) (82,206,173,255) (33,140,115,255) (16,82,66,255)
SECONDARY:(148,239,148,255) (148,239,148,255) (107,189,74,255) (57,240,41,255) (26,82,15,255)
TERTIARY:(132,239,222,255) (132,239,222,255) (82,206,173,255) (33,140,115,255) (16,82,66,255)





HFLIP: 8